### name of eos: /1D/NS/Classical/APR 
### link: https://compose.obspm.fr/eos/68 
### Number density nb [fm-3] 	 Chemical potential mu [MeV] 	 Pressure p [MeV/fm3] 	 Energy density e [MeV/fm3] 
n	mu	p	e
7.92405959867008e-15	0.931191807807985	1.8864781909828667e-22	7.37881919421599e-15
2.50580766467172e-14	0.9311918717271044	1.2028751012380429e-21	2.333387609166273e-14
7.92405959867008e-14	0.9311920006112557	7.669892586590564e-21	7.378820143659157e-14
2.50580766467172e-13	0.9311922604885162	4.89055366008406e-20	2.3333882145597427e-13
7.92405959867008e-13	0.9311927844954322	3.118363762222316e-19	7.378824003829586e-13
2.50580766467172e-12	0.931193841083659	1.9883623060735806e-18	2.3333906759202263e-12
7.92405959867008e-12	0.9311959715491966	1.2678394702087938e-17	7.378839698202621e-12
2.50580766467172e-11	0.9312002673413465	8.08412489670192e-17	2.333400683123404e-11
7.92405959867008e-11	0.9312089292182302	5.154680610685972e-16	7.378903507132896e-11
2.50580766467172e-10	0.9312263947073668	3.286779031459769e-15	2.3334413696120176e-10
6.29410234040288e-10	0.9312524670636586	1.446781958777772e-14	5.861253654255452e-10
1.5810484988654399e-09	0.9312956993010049	6.088592755770989e-14	1.472362781452136e-09
3.9714689058682395e-09	0.9313638741528725	2.4410544610784567e-13	3.698638560801005e-09
4.999380256722129e-09	0.9313826906483217	3.2824099746386106e-13	4.65600799408249e-09
9.973660358163069e-09	0.9314600844662984	8.956566483374038e-13	9.289170863004406e-09
1.99038194110668e-08	0.9315625201500616	2.3923706850712655e-12	1.8539259800500032e-08
3.97209640718649e-08	0.9316959423825236	6.278958802978592e-12	3.7001582094475555e-08
7.92418564452663e-08	0.9318676776946098	1.6252891374708007e-11	7.382667185048524e-08
1.58101406297455e-07	0.9320871434722028	4.1668319054358926e-11	1.473226198556786e-07
1.99033206564924e-07	0.9321594812054477	5.4538312147541693e-11	1.8547615226206872e-07
3.15499695463202e-07	0.9323447777544839	1.0167419373809272e-10	2.940528192545084e-07
4.99934080568851e-07	0.9325615406553982	1.890553301612541e-10	4.660302410712664e-07
6.294585892124061e-07	0.932683473618932	2.577119373508809e-10	5.868279115485483e-07
7.29727457487442e-07	0.9327668736718818	3.143224307336004e-10	6.803512767223587e-07
9.65971146546113e-07	0.9329019376157154	4.2816756847349056e-10	9.007281867252695e-07
1.53107000415745e-06	0.9331982675134449	7.939200395018661e-10	1.4279979552820332e-06
2.5056266193172294e-06	0.9335385090629552	1.4704996958069151e-09	2.3376284387700524e-06
3.97141379770464e-06	0.9339296042819177	2.722546550555927e-09	3.706298369979486e-06
4.82727428613838e-06	0.9341144276931027	3.533942817342426e-09	4.505692614296442e-06
6.07736284802167e-06	0.934348638932161	4.807210805222776e-09	5.6735684945407065e-06
7.92625465087822e-06	0.9345974946725589	6.541102212248078e-09	7.401316636635254e-06
9.97703609874371e-06	0.934861125785935	8.894151385928924e-09	9.318249047892531e-06
1.25609035335829e-05	0.9351460924534499	1.2096045884863337e-08	1.1734183811229917e-05
1.5214353983086e-05	0.9354005361649228	1.562249889051235e-08	1.421589237429106e-05
1.99041938317933e-05	0.9357224453123825	2.124609917031723e-08	1.8603554825086947e-05
2.50558859045481e-05	0.9360632810187085	2.8885707097599336e-08	2.3425009061544108e-05
3.0243726441838895e-05	0.9363620608235863	3.713074147009906e-08	2.8281947276594953e-05
3.971489631294249e-05	0.9367459658063575	5.04875723233537e-08	3.7152281331243315e-05
5.00057205192782e-05	0.937152169660679	6.865660718962678e-08	4.6794312872897484e-05
6.15115619502737e-05	0.9375448832563371	9.050189129541711e-08	5.7579348276288884e-05
6.54540322464242e-05	0.937589147873943	9.331057068044729e-08	6.1275679748158e-05
8.485433908990791e-05	0.938037996190061	1.2688989310591933e-07	7.946970431482327e-05
0.000101951949234728	0.9384155837232715	1.6209200806496435e-07	9.551120594476766e-05
0.000110516834614163	0.9385889654614744	1.805044618112733e-07	0.00010354937700477287
0.000125584418787288	0.9387996777432509	2.0534567059442918e-07	0.00011769326621648501
0.000163471959083754	0.9393130271696147	2.791827308720005e-07	0.00015327215801343638
0.000199040377780961	0.9397764792392964	3.630062067407903e-07	0.00018669045925071023
0.000250584885047483	0.9402564045249753	4.7048500454127873e-07	0.00023514355803850933
0.000257211369324703	0.940322042904283	4.871498355591245e-07	0.00024137437042605364
0.000259308963120565	0.940342585378324	4.924551188419593e-07	0.0002433468056737226
0.000270613214320415	0.9404514266078748	5.212908938616025e-07	0.0002539772925727153
0.000288542839998925	0.9406180073065061	5.678525565556586e-07	0.0002708407386257932
0.000297839506320659	0.9407016745704945	5.923816898515888e-07	0.0002795857406592417
0.000305804963744281	0.9407719873299402	6.136028229829281e-07	0.0002870791406540846
0.000341765071242143	0.940964785682797	6.759555053305981e-07	0.0003209129415098983
0.0012616	0.9419796308310524	1.3448581046498984e-06	0.001187056644151806
0.0018947	0.942488827482016	2.13909021963899e-06	0.0017835944912105368
0.0026726	0.9429956197299227	3.2879649183112267e-06	0.00251696212837188
0.0036062	0.9435011442024966	4.866879638380307e-06	0.0033975869465846633
0.0047097	0.9440058921624191	6.957410912206997e-06	0.004439027139405138
0.0074963	0.9450142258863108	1.304101046018238e-05	0.0070710691310513695
0.011197	0.9460210628962695	2.2370195075303754e-05	0.010570227646174227
0.015999	0.9470273756378269	3.595796178910535e-05	0.015115533021040488
0.022073	0.948033443702754	5.499831141571221e-05	0.020870943891435175
0.029477	0.9490394798093853	8.080882666219072e-05	0.027894027919679057
0.042684	0.9505502734231795	0.00013494144067633916	0.040438346430118656
0.0622	0.9525673294805652	0.00024014208742008093	0.059009545806271074
0.073174	0.95367346985216	0.0003149590647275406	0.06946914341823442
0.075959	0.9539454343702816	0.0003352377298874586	0.07212550351944476
0.085	0.9553526328308912	0.00044855858080880974	0.08075641520981695
0.09	0.9559488340483113	0.0005007251192534371	0.0855346699450946
0.095	0.9565632702322979	0.000557560306986959	0.09031595036508135
0.1	0.9571984244449414	0.0006194885666720024	0.09510035387782215
0.105	0.9578558685873243	0.0006868781473834934	0.09988798805428555
0.11	0.9585368971574756	0.0007600910566866136	0.1046789676306357
0.115	0.9592436857363615	0.0008396078908316906	0.1094734159688499
0.12	0.9599766985464898	0.0009257407253059495	0.11427146310027284
0.125	0.9607373615630979	0.0010189264657915066	0.11907324372959571
0.13	0.9615264436594454	0.0011195396028730322	0.12387889807285486
0.135	0.9623446266493194	0.0012279546271351976	0.12868856997052291
0.14	0.9631934255184701	0.001344670859357563	0.13350240871322827
0.1449999999999999	0.9640728822179753	0.0014700003750273535	0.13832056754657895
0.1499999999999999	0.9649834574176248	0.001604317664729242	0.14314320094791438
0.155	0.9659263847893589	0.0017481220492427878	0.14797046759310784
0.16	0.9669011958206036	0.0019016631889577716	0.15280252814233883
0.165	0.9679082331778049	0.0020653155744588636	0.157639542899879
0.17	0.9689492989712025	0.0022397033567205164	0.1624816774683839
0.1749999999999999	0.9700235064731585	0.002425013781035062	0.16732909985176758
0.1799999999999999	0.9711318016017929	0.0026217461681820645	0.17218197812014058
0.185	0.972274368694114	0.002830275008746196	0.1770404831996649
0.19	0.9734513773283321	0.0030509747933121236	0.181904786899071
0.195	0.9746626596889716	0.0032841575973670744	0.18677506104198238
0.2	0.9759093245451694	0.0035303851567880535	0.19165147975224583
0.2049999999999999	0.9771908577299525	0.0037899071319648417	0.19653421870267535
0.2099999999999999	0.9785082859273158	0.004063285258774445	0.20142345478596177
0.215	0.9798605076942682	0.004350644367411759	0.20631936478685592
0.22	0.981249079777073	0.004652671023948671	0.2112221265270074
0.225	0.9826732102232412	0.004969552473677522	0.21613191982655175
0.23	0.9841338051299425	0.005301850452475315	0.22104892472741147
0.2349999999999999	0.9856303700885451	0.005649814620731831	0.2259733223500762
0.2399999999999999	0.9871637557141268	0.006014006714324078	0.2309052946570663
0.245	0.9887324438993506	0.006394426733252057	0.23584502202208882
0.25	0.9903387907411298	0.006792010903977442	0.240792686781305
0.26	0.9936255785076653	0.00763024566266534	0.2507124047493276
0.27	0.997087435600828	0.008547747595108533	0.26066586001711506
0.28	1.000732055989126	0.009550134060077084	0.2706548416168782
0.2899999999999999	1.004561945932669	0.010641774114392148	0.28068119020608173
0.2999999999999999	1.0086131956867872	0.011837023230466103	0.2907469354755699
0.31	1.012859025038506	0.013132136502452249	0.30085416125948455
0.32	1.0173425464117443	0.014544590157635208	0.311005024694123
0.33	1.0220241833358323	0.016066270233347116	0.3212017102674776
0.34	1.0269200512747936	0.017706538994204744	0.33144627843922514
0.3499999999999999	1.0320756109593647	0.019485369271390527	0.341741094564387
0.3599999999999999	1.0374463590338754	0.021392150498338793	0.35208853875385615
0.37	1.0430752134823127	0.023446855506231993	0.3624909734822237
0.38	1.0489517424714736	0.025650732597019017	0.372950929542141
0.39	1.0550598432787037	0.028002533468750958	0.3834708054099435
0.4	1.0614114907347614	0.03051162038604459	0.39405297590786
0.4099999999999999	1.068023936068266	0.033189852217414474	0.40469996157057453
0.4199999999999999	1.0749056658482892	0.03604596707650295	0.41541441257977835
0.4299999999999999	1.0820190514116	0.03906935439674434	0.4261988377102435
0.44	1.0893778316034317	0.04227062474470431	0.4370556211608057
0.45	1.0970144518031137	0.045669126800590834	0.4479873765108104
0.46	1.1048975017708098	0.0492561224507616	0.45899672836381095
0.4699999999999999	1.1130579872078985	0.0530509603754246	0.47008629361228765
0.4799999999999999	1.1214618954896673	0.05704303000801417	0.4812586798270261
0.4899999999999999	1.1301377912714479	0.06125105587776384	0.49251646184524545
0.5	1.1390582984159143	0.06566692402200576	0.5038622251859514
0.51	1.1482532750335648	0.07031060727192234	0.5152985629951956
0.52	1.1577181230790816	0.07518522638238584	0.5268281976187366
0.53	1.1674306767876643	0.08028453984365176	0.5384537188538104
0.54	1.1774166717937145	0.08562727218495361	0.5501777305836522
0.56	1.1981805754678987	0.0970492350174097	0.5739318872446136
0.5799999999999998	1.2199897984763766	0.10948232242847665	0.5981117606878216
0.5999999999999999	1.2429321198958176	0.12302015706432214	0.6227391148731682
0.62	1.266892367910203	0.13763777288596815	0.6478354952183578
0.64	1.291984197595135	0.15344751706881582	0.6734223693920706
0.66	1.318138005377985	0.1704493896128652	0.6995216939366048
0.68	1.3452624760066692	0.18862466598888278	0.7261538176956523
0.6999999999999998	1.373626893578354	0.2081980405476709	0.7533407849571766
0.7199999999999999	1.4029768804332203	0.22903844158459488	0.7811049123273234
0.7399999999999999	1.4334293972092433	0.25127069929454493	0.8094670546402949
0.76	1.4649090210054745	0.27488233065803214	0.8384485253061285
0.78	1.4975082766526717	0.2999856828504574	0.8680707729386266
0.8	1.5312731732021643	0.3266618954984997	0.8983566430632318
0.82	1.5660383116575436	0.35482358746573567	0.9293278280934498
0.8399999999999999	1.6018757884194597	0.38457062290807753	0.9610050393642683
0.8599999999999999	1.6387204685644803	0.41589051880603645	0.9934090841594165
0.88	1.6766479882489664	0.4488893808252688	1.0265608488338216
0.9	1.715721875897061	0.4836670731216871	1.0604826151856679
0.92	1.7557888890751692	0.5201299730491235	1.0951958049000323
0.94	1.7969002607793465	0.5583654617440011	1.1307207833885846
0.96	1.8391302656490325	0.5984858863817211	1.16707916864135
0.98	1.8824456497052915	0.6405037299817727	1.204293006729413
1.0	1.9267647445795255	0.6843815434856888	1.2423832010938367
1.02	1.971998373691813	0.730069394815513	1.281368946350136
1.04	2.0184745567636266	0.7779417745559165	1.321271764478255
1.06	2.065908226911302	0.8277490223171186	1.3621136982088615
1.08	2.114380242348286	0.8796159682940092	1.40391469344214
1.1	2.1638525031228477	0.9335426124865889	1.4466951409485436
1.12	2.214794976110464	0.9900906907718634	1.4904796824718562
1.14	2.2654987787629315	1.047387750226479	1.5352808575632626
1.16	2.3187398709069327	1.108616960820137	1.5811212894319047
1.18	2.3719245222351786	1.170844812972917	1.6280261232645936
1.2	2.426785282221255	1.2361310049005076	1.676011333764998
1.22	2.4822867774762285	1.3032896497514517	1.7251002187695472
1.24	2.5393214744680055	1.3734442192797611	1.7753144090605653
1.26	2.596192711299324	1.4445350152697474	1.8266678009674007
1.28	2.6554118388012147	1.5197452076911115	1.8791819459744437
1.3	2.7150676426872518	1.5967030228409385	1.9328849126524892
1.32	2.7754802742923803	1.6758453664013448	1.9877885956645975
1.34	2.837143145714496	1.7578588044442258	2.0439130108131995
